1blx.pdb||159 160 161||
1byg.pdb||146 147 148||
1cm8.pdb||164 165 166||
1fmk.pdb||323 324 325||
1fvr.pdb||170 171 172||
1j1b.pdb||166 167 168||
1o6l.pdb||148 149 150||
1p4o.pdb||176 177 178||
1qpc.pdb||152 153 154||
1rjb.pdb||258 259 260||
1s9i.pdb||153 154 155||
1u59.pdb||152 153 154||
1ua2.pdb||143 144 145||
1vzo.pdb||172 173 174||
1xjd.pdb||146 147 148||
2a2a.pdb||161 162 163||
2c47.pdb||145 146 147||
2cmw.pdb||144 145 146||
2dq7.pdb||148 149 150||
2eva.pdb||149 150 151||
2f57.pdb||593 594 595||
2h6d.pdb||148 149 150||
2i0e.pdb||146 147 148||
2j0i.pdb||159 160 161||
2jam.pdb||148 149 150||
2qlu.pdb||152 153 154||
2r2p.pdb||157 158 159||
2r4b.pdb||168 169 170||
2r5t.pdb||159 160 161||
2rei.pdb||170 171 172||
2rku.pdb||158 159 160||
2vd5.pdb||203 204 205||
2vwi.pdb||152 153 154||
2vz6.pdb||162 163 164||
2wel.pdb||159 160 161||
2x4f.pdb||168 169 170||
2xik.pdb||156 157 158||
2xir.pdb||231 232 233||
2xrw.pdb||169 170 171||
2y4i.pdb||151 152 153||
2y7j.pdb||162 163 164||
2ycf.pdb||159 160 161||
2yex.pdb||147 148 149||
2z7q.pdb||150 151 152||
3a7i.pdb||150 151 152||
3a99.pdb||154 155 156||
3aln.pdb||165 166 167||
3b2t.pdb||181 182 183||
3bhh.pdb||149 150 151||
3bhy.pdb||154 155 156||
3brb.pdb||167 168 169||
3bu3.pdb||164 165 166||
3cbl.pdb||256 257 258||
3cc6.pdb||153 154 155||
3cok.pdb||155 156 157||
3com.pdb||139 140 141||
3dls.pdb||165 166 167||
3dtc.pdb||159 160 161||
3e7o.pdb||161 162 163||
3eqc.pdb||170 171 172||
3fe3.pdb||147 148 149||
3fhr.pdb||155 156 157||
3fxz.pdb||159 160 161||
3g2f.pdb||155 156 157||
3ggf.pdb||146 147 148||
3gp0.pdb||165 166 167||
3hmi.pdb||149 150 151||
3hng.pdb||238 239 240||
3iec.pdb||145 146 147||
3kul.pdb||152 153 154||
3lco.pdb||246 247 248||
3lm5.pdb||162 163 164||
3lxp.pdb||154 155 156||
3m2w.pdb||161 162 163||
3mi9.pdb||160 161 162||
3omv.pdb||147 148 149||
3oy1.pdb||162 163 164||
3pls.pdb||167 168 169||
3pp0.pdb||158 159 160||
3s95.pdb||480 481 482||560 561 562||
3soc.pdb||351 352 353||
3sxs.pdb||147 148 149||
3txo.pdb||145 146 147||
3ugc.pdb||152 153 154||
3zbf.pdb||169 170 171||
3zdu.pdb||143 144 145||
4aaa.pdb||149 150 151||
4af3.pdb||149 150 151||
4agu.pdb||143 144 145||
4asz.pdb||710 711 712||
4au8.pdb||144 145 146||
4b6l.pdb||152 153 154||
4b9d.pdb||167 168 169||
4bgq.pdb||145 146 147||
4bkj.pdb||185 186 187||
4ckj.pdb||193 194 195||
4crs.pdb||157 158 159||
4euu.pdb||157 158 159||
4f9c.pdb||156 157 158||
4fkl.pdb||145 146 147||
4gv1.pdb||150 151 152||
4hcu.pdb||145 146 147||
4hni.pdb||147 148 149||
4hvs.pdb||263 264 265||
4hzr.pdb||154 155 156||
4i5p.pdb||153 154 155||
4idt.pdb||202 203 204||
4iir.pdb||167 168 169||
4js8.pdb||150 151 152||
4k33.pdb||177 178 179||
4ks7.pdb||159 160 161||
4l42.pdb||153 154 155||
4l6q.pdb||206 207 208||
4lg4.pdb||147 148 149||
4nfn.pdb||155 156 157||
4nst.pdb||162 163 164||
4nw6.pdb||161 162 163||
4oth.pdb||153 154 155||
4pf4.pdb||161 162 163||169 170 171||
4qqt.pdb||177 178 179||
4qtb.pdb||161 162 163||
4r1v.pdb||168 169 170||
4ra4.pdb||150 151 152||
4red.pdb||148 149 150||
4u3y.pdb||155 156 157||
4usf.pdb||157 158 159||
4uya.pdb||175 176 177||
4w9w.pdb||160 161 162||
4wb8.pdb||171 172 173||
4wno.pdb||158 159 160||
4x7k.pdb||371 372 373||
4x7q.pdb||156 157 158||
4y85.pdb||198 199 200||
4y8d.pdb||165 166 167||
4yfi.pdb||166 167 168||
4yjr.pdb||149 150 151||
4ylk.pdb||174 175 176||
4ymj.pdb||701 702 703||
4yno.pdb||167 168 169||
4yz9.pdb||150 151 152||
4z55.pdb||178 179 180||
4zzn.pdb||157 158 159||
5ax9.pdb||160 161 162||
5b2l.pdb||158 159 160||
5byz.pdb||153 154 155||
5cem.pdb||76 77 78||
5cen.pdb||138 139 140||
5e8v.pdb||158 159 160||
5efq.pdb||161 162 163||
5es1.pdb||146 147 148||275 276 277||
5ew8.pdb||178 179 180||
5g6v.pdb||143 144 145||
5grn.pdb||254 255 256||
5h0b.pdb||320 321 322||
5hu9.pdb||157 158 159||
5ita.pdb||147 148 149||
5j5t.pdb||143 144 145||
5jfw.pdb||180 181 182||
5jga.pdb||150 151 152||
5jzj.pdb||160 161 162||
5k00.pdb||149 150 151||
5l6o.pdb||145 146 147||
5l8l.pdb||149 150 151||
5lqf.pdb||149 150 151||
5lvo.pdb||151 152 153||
5lwm.pdb||154 155 156||
5lxc.pdb||216 217 218||
5mja.pdb||154 155 156||
5ng0.pdb||159 160 161||
5nxd.pdb||226 227 228||
5o0y.pdb||158 159 160||
5ote.pdb||220 221 222||
5p9j.pdb||146 147 148||
5te0.pdb||169 170 171||
5u6b.pdb||170 171 172||
5ug9.pdb||154 155 156||
5uit.pdb||168 169 170||
5uyj.pdb||172 173 174||
5vcz.pdb||262 263 264||
5wne.pdb||203 204 205||
5x5o.pdb||144 145 146||
5xy1.pdb||148 149 150||
5y86.pdb||218 219 220||
5yks.pdb||171 172 173||
6bfn.pdb||166 167 168||
6bxi.pdb||149 150 151||
6c0t.pdb||166 167 168||
6c9d.pdb||148 149 150||
6ccf.pdb||171 172 173||
6cz4.pdb||148 149 150||
6eim.pdb||150 151 152||
6fd3.pdb||161 162 163||
6fdy.pdb||149 150 151||
6fng.pdb||159 160 161||
6fnk.pdb||155 156 157||
6ft8.pdb||327 328 329||
6fyl.pdb||184 185 186||
6fyr.pdb||193 194 195||
6fyv.pdb||176 177 178||
6gzd.pdb||149 150 151||
6gzm.pdb||145 146 147||
6op9.pdb||154 155 156||
7aqb.pdb||159 160 161||
