1blx.pdb||96 97 98||139 140 141||
1byg.pdb||126 127 128||238 239 240||
1cm8.pdb||144 145 146||224 225 226||
1fmk.pdb||152 153 154||303 304 305||
1fvr.pdb||150 151 152||
1j1b.pdb||145 146 147||
1p4o.pdb||156 157 158||
1qpc.pdb||132 133 134||
1rjb.pdb||238 239 240||
1s9i.pdb||90 91 92||133 134 135||
1tki.pdb||125 126 127||
1u59.pdb||132 133 134||
1ua2.pdb||123 124 125||
1wak.pdb||149 150 151||
1x8b.pdb||134 135 136||261 262 263||
2a2a.pdb||137 138 139||
2ac3.pdb||134 135 136||
2buj.pdb||142 143 144||
2dq7.pdb||128 129 130||
2eva.pdb||128 129 130||
2f57.pdb||509 510 511||573 574 575||
2fst.pdb||144 145 146||224 225 226||
2h6d.pdb||128 129 130||
2hw6.pdb||130 131 132||
2j0i.pdb||139 140 141||
2jam.pdb||125 126 127||268 269 270||
2jc6.pdb||132 133 134||
2jii.pdb||110 111 112||
2qlu.pdb||115 116 117||132 133 134||
2qol.pdb||150 151 152||
2r2p.pdb||137 138 139||
2r4b.pdb||118 119 120||148 149 150||
2rku.pdb||138 139 140||
2v62.pdb||150 151 152||
2vd5.pdb||183 184 185||
2vwi.pdb||132 133 134||
2vz6.pdb||139 140 141||
2w4o.pdb||129 130 131||276 277 278||
2wel.pdb||136 137 138||
2wqm.pdb||140 141 142||
2wtk.pdb||198 199 200||
2x4f.pdb||146 147 148||
2x7g.pdb||143 144 145||584 585 586||
2xik.pdb||136 137 138||
2xir.pdb||211 212 213||
2xrw.pdb||149 150 151||230 231 232||
2y4i.pdb||132 133 134||202 203 204||
2y7j.pdb||142 143 144||
2ycf.pdb||136 137 138||
2yex.pdb||127 128 129||
3a7i.pdb||130 131 132||
3a99.pdb||133 134 135||
3aln.pdb||12 13 14||145 146 147||
3b2t.pdb||161 162 163||
3bhh.pdb||126 127 128||
3bhy.pdb||130 131 132||
3brb.pdb||147 148 149||
3bu3.pdb||95 96 97||144 145 146||
3c0i.pdb||134 135 136||
3cbl.pdb||113 114 115||236 237 238||
3cc6.pdb||133 134 135||
3cok.pdb||135 136 137||
3com.pdb||119 120 121||
3dls.pdb||145 146 147||
3dtc.pdb||131 132 133||
3e7o.pdb||141 142 143||222 223 224||
3eqc.pdb||107 108 109||150 151 152||
3fe3.pdb||127 128 129||
3fhr.pdb||132 133 134||295 296 297||
3fme.pdb||132 133 134||
3fxz.pdb||139 140 141||
3g2f.pdb||135 136 137||
3ggf.pdb||126 127 128||
3gni.pdb||205 206 207||
3gp0.pdb||145 146 147||
3hmi.pdb||129 130 131||
3hng.pdb||218 219 220||336 337 338||
3iec.pdb||125 126 127||260 261 262||
3kul.pdb||132 133 134||250 251 252||
3lco.pdb||73 74 75||226 227 228||
3lm5.pdb||139 140 141||
3lxp.pdb||134 135 136||210 211 212||
3m2w.pdb||138 139 140||
3mdy.pdb||157 158 159||
3mi9.pdb||140 141 142||
3my0.pdb||328 329 330||
3omv.pdb||30 31 32||127 128 129||
3oy1.pdb||142 143 144||
3pls.pdb||24 25 26||107 108 109||147 148 149||231 232 233||
3pp0.pdb||138 139 140||
3q4u.pdb||133 134 135||
3s95.pdb||460 461 462||
3soc.pdb||331 332 333||
3sxs.pdb||127 128 129||
3txo.pdb||226 227 228||
3ugc.pdb||132 133 134||
3war.pdb||153 154 155||
3zbf.pdb||144 145 146||
3zdu.pdb||123 124 125||
3zfm.pdb||130 131 132||
4aaa.pdb||274 275 276||288 289 290||
4af3.pdb||129 130 131||
4agu.pdb||123 124 125||268 269 270||
4asz.pdb||638 639 640||690 691 692||
4au8.pdb||124 125 126||
4b6l.pdb||63 64 65||132 133 134||
4b9d.pdb||147 148 149||
4bgq.pdb||125 126 127||137 138 139||
4bkj.pdb||165 166 167||
4ckj.pdb||173 174 175||
4crs.pdb||107 108 109||
4euu.pdb||181 182 183||
4f9c.pdb||135 136 137||
4fg8.pdb||130 131 132||
4fkl.pdb||268 269 270||
4fr4.pdb||131 132 133||338 339 340||
4gt4.pdb||95 96 97||108 109 110||150 151 152||
4hcu.pdb||125 126 127||
4hni.pdb||124 125 126||
4hvs.pdb||243 244 245||
4hzr.pdb||134 135 136||
4i4e.pdb||131 132 133||
4i5p.pdb||133 134 135||
4idt.pdb||181 182 183||
4iir.pdb||146 147 148||255 256 257||
4itj.pdb||129 130 131||
4js8.pdb||67 68 69||131 132 133||
4k33.pdb||157 158 159||
4kik.pdb||135 136 137||
4ks7.pdb||139 140 141||
4l00.pdb||65 66 67||
4l6q.pdb||186 187 188||220 221 222||334 335 336||
4nfn.pdb||131 132 133||198 199 200||
4nst.pdb||142 143 144||
4oth.pdb||103 104 105||
4pf4.pdb||137 138 139||
4pwn.pdb||138 139 140||
4qpm.pdb||177 178 179||286 287 288||
4qqt.pdb||157 158 159||186 187 188||
4qtb.pdb||141 142 143||
4qtc.pdb||179 180 181||
4r1v.pdb||108 109 110||148 149 150||
4red.pdb||128 129 130||307 308 309||
4tnd.pdb||479 480 481||
4u3y.pdb||81 82 83||135 136 137||289 290 291||
4usf.pdb||137 138 139||
4uya.pdb||147 148 149||
4w9w.pdb||140 141 142||
4wb8.pdb||26 27 28||
4wno.pdb||129 130 131||190 191 192||256 257 258||
4x7q.pdb||135 136 137||
4y85.pdb||179 180 181||
4y8d.pdb||145 146 147||
4yfi.pdb||146 147 148||
4yjr.pdb||129 130 131||
4ylk.pdb||152 153 154||
4ymj.pdb||626 627 628||681 682 683||
4yno.pdb||147 148 149||
4yz9.pdb||125 126 127||
4z55.pdb||155 156 157||
4zzn.pdb||137 138 139||
5ax9.pdb||140 141 142||
5b2l.pdb||138 139 140||
5byz.pdb||133 134 135||
5cen.pdb||118 119 120||247 248 249||
5e8s.pdb||134 135 136||224 225 226||
5e8v.pdb||123 124 125||138 139 140||
5efq.pdb||141 142 143||
5es1.pdb||126 127 128||
5ew8.pdb||158 159 160||187 188 189||
5g6v.pdb||123 124 125||
5grn.pdb||234 235 236||
5h0b.pdb||15 16 17||300 301 302||
5hu9.pdb||137 138 139||
5ita.pdb||30 31 32||127 128 129||138 139 140||
5j0a.pdb||143 144 145||
5j5t.pdb||123 124 125||
5jfw.pdb||106 107 108||160 161 162||
5jga.pdb||129 130 131||
5jzj.pdb||136 137 138||149 150 151||
5k00.pdb||129 130 131||280 281 282||
5l2q.pdb||159 160 161||
5l6o.pdb||125 126 127||
5l8l.pdb||129 130 131||
5lqf.pdb||129 130 131||208 209 210||
5lvo.pdb||131 132 133||
5lwm.pdb||66 67 68||
5lxc.pdb||194 195 196||
5mja.pdb||134 135 136||
5ng0.pdb||32 33 34||139 140 141||
5nxd.pdb||120 121 122||
5o0y.pdb||135 136 137||
5o1v.pdb||140 141 142||191 192 193||
5ote.pdb||200 201 202||
5p9j.pdb||126 127 128||
5te0.pdb||149 150 151||
5u6b.pdb||105 106 107||150 151 152||
5ug9.pdb||104 105 106||134 135 136||
5uit.pdb||148 149 150||
5uyj.pdb||152 153 154||
5vcz.pdb||242 243 244||
5vdk.pdb||134 135 136||
5ve6.pdb||200 201 202||
5wne.pdb||183 184 185||
5x5o.pdb||124 125 126||
5xs2.pdb||91 92 93||152 153 154||251 252 253||
5xy1.pdb||128 129 130||
5y86.pdb||196 197 198||367 368 369||
5yf9.pdb||150 151 152||258 259 260||
5yks.pdb||150 151 152||
6bfn.pdb||138 139 140||146 147 148||285 286 287||
6bru.pdb||156 157 158||
6bxi.pdb||129 130 131||
6c0t.pdb||81 82 83||
6c9d.pdb||128 129 130||692 693 694||
6ccf.pdb||151 152 153||
6cz4.pdb||128 129 130||
6eim.pdb||130 131 132||
6fd3.pdb||141 142 143||
6fdy.pdb||127 128 129||
6fng.pdb||139 140 141||
6ft8.pdb||288 289 290||415 416 417||
6fyl.pdb||145 146 147||
6fyr.pdb||154 155 156||
6fyv.pdb||137 138 139||
6gzd.pdb||126 127 128||
6gzm.pdb||122 123 124||
7aqb.pdb||138 139 140||
